43.00, 33.65
43.00, 33.65
43.00, 33.65
43.00, 33.65
43.00, 33.37
44.00, 33.37
43.00, 33.37
43.00, 33.47
43.00, 33.47
43.00, 33.47
44.00, 33.47
43.00, 33.47
43.00, 33.37
43.00, 33.37
44.00, 33.37
43.00, 33.37
43.00, 33.47
43.00, 33.47
43.00, 33.47
44.00, 33.47
43.00, 33.47
45.00, 33.55
45.00, 33.55
44.00, 33.55
43.00, 33.55
43.00, 33.55
43.00, 33.55
43.00, 33.55
42.00, 33.55
42.00, 33.55
42.00, 33.55
42.00, 33.55
42.00, 33.55
43.00, 33.55
42.00, 33.55
42.00, 33.55
42.00, 33.69
42.00, 33.69
43.00, 33.69
42.00, 33.69
42.00, 33.69
43.00, 33.69
42.00, 33.69
42.00, 33.69
43.00, 33.69
43.00, 33.69
43.00, 33.63
43.00, 33.63
43.00, 33.63
42.00, 33.63
42.00, 33.63
42.00, 33.63
43.00, 33.63
43.00, 33.63
42.00, 33.63
43.00, 33.63
42.00, 33.71
8.00, 26.79
7.00, 26.79
7.00, 26.79
7.00, 26.79
6.00, 26.79
6.00, 26.79
5.00, 26.79
5.00, 26.79
5.00, 26.79
5.00, 26.79
5.00, 26.79
4.00, 26.93
4.00, 26.93
5.00, 26.93
5.00, 26.93
5.00, 26.93
5.00, 26.93
5.00, 26.93
6.00, 26.93
5.00, 26.93
5.00, 26.93
4.00, 26.93
4.00, 26.93
4.00, 29.69
4.00, 29.69
4.00, 29.69
5.00, 29.69
5.00, 29.69
5.00, 29.69
3.00, 29.69
3.00, 29.69
2.00, 29.69
2.00, 29.69
2.00, 29.69
2.00, 34.07
2.00, 34.07
2.00, 34.07
2.00, 34.07
1.00, 34.07
1.00, 34.07
2.00, 34.07
1.00, 34.07
1.00, 34.07
2.00, 34.07
2.00, 34.07
2.00, 34.07
2.00, 35.11
2.00, 35.11
2.00, 35.11
2.00, 35.11
2.00, 35.11
2.00, 35.11
2.00, 35.11
2.00, 35.11
2.00, 35.11
2.00, 35.11
2.00, 35.21
2.00, 35.21
2.00, 35.21
2.00, 35.21
2.00, 35.21
2.00, 35.21
2.00, 35.21
2.00, 35.21
2.00, 35.21
2.00, 35.21
2.00, 35.21
2.00, 35.21
2.00, 35.21
2.00, 35.21
2.00, 35.21
2.00, 35.21
2.00, 35.21
2.00, 35.21
2.00, 35.21
2.00, 35.21
2.00, 35.21
2.00, 35.09
2.00, 35.09
2.00, 35.09
2.00, 35.09
2.00, 35.09
2.00, 35.09
2.00, 35.09
2.00, 35.09
2.00, 35.09
2.00, 35.09
2.00, 35.09
2.00, 35.01
2.00, 35.01
3.00, 35.01
3.00, 35.01
3.00, 35.01
6.00, 35.01
6.00, 35.01
6.00, 35.01
6.00, 35.01
6.00, 35.01
6.00, 35.01
6.00, 34.85
6.00, 34.85
5.00, 34.85
6.00, 34.85
6.00, 34.85
6.00, 34.85
6.00, 34.85
6.00, 34.85
6.00, 34.85
6.00, 34.85
6.00, 34.75
6.00, 34.75
6.00, 34.75
6.00, 34.75
6.00, 34.75
6.00, 34.75
7.00, 34.75
7.00, 34.75
7.00, 34.75
8.00, 34.75
8.00, 34.75
8.00, 34.77
8.00, 34.77
8.00, 34.77
8.00, 34.77
8.00, 34.77
8.00, 34.77
3.00, 34.89
2.00, 34.89
2.00, 34.89
2.00, 34.89
2.00, 34.89
2.00, 34.89
2.00, 34.89
2.00, 34.89
2.00, 34.89
2.00, 34.89
2.00, 34.89
2.00, 34.89
2.00, 34.89
2.00, 34.89
2.00, 34.89
2.00, 34.89
2.00, 34.89
2.00, 34.89
2.00, 34.89
2.00, 34.89
2.00, 34.89
2.00, 34.89
2.00, 34.89
2.00, 34.89
3.00, 34.89
2.00, 34.89
2.00, 34.89
2.00, 34.89
2.00, 34.93
2.00, 34.93
2.00, 34.93
2.00, 34.93
2.00, 34.93
2.00, 34.93
2.00, 34.93
2.00, 34.93
2.00, 34.93
2.00, 34.93
2.00, 34.93
2.00, 34.93
2.00, 34.81
2.00, 34.81
2.00, 34.81
2.00, 34.81
2.00, 34.81
2.00, 34.81
2.00, 34.81
2.00, 34.81
2.00, 34.81
2.00, 34.81
2.00, 34.81
2.00, 34.81
2.00, 34.81
2.00, 34.81
2.00, 34.81
2.00, 34.81
2.00, 34.81
2.00, 34.81
2.00, 34.81
2.00, 34.81
2.00, 34.81
2.00, 34.85
2.00, 34.85
2.00, 34.85
2.00, 34.85
2.00, 34.85
2.00, 34.85
2.00, 34.85
2.00, 34.85
2.00, 34.85
2.00, 34.85
2.00, 34.79
2.00, 34.79
2.00, 34.79
3.00, 34.79
2.00, 34.79
2.00, 34.79
2.00, 34.79
3.00, 34.79
2.00, 34.79
2.00, 34.79
3.00, 34.79
3.00, 34.85
12.00, 34.85
3.00, 34.85
4.00, 34.85
3.00, 34.85
3.00, 34.85
3.00, 34.85
2.00, 34.85
2.00, 34.85
2.00, 34.85
2.00, 34.91
2.00, 34.91
2.00, 34.91
2.00, 34.91
2.00, 34.91
2.00, 34.91
2.00, 34.91
2.00, 34.91
2.00, 34.91
2.00, 34.91
2.00, 34.91
2.00, 34.83
2.00, 34.83
2.00, 34.83
2.00, 34.83
2.00, 34.83
2.00, 34.83
2.00, 34.83
2.00, 34.83
2.00, 34.83
2.00, 34.83
2.00, 34.81
2.00, 34.81
2.00, 34.81
2.00, 34.81
2.00, 34.81
2.00, 34.81
2.00, 34.81
2.00, 34.81
2.00, 34.81
2.00, 34.81
2.00, 34.81
2.00, 34.73
2.00, 34.73
2.00, 34.73
2.00, 34.73
2.00, 34.73
2.00, 34.73
2.00, 34.73
2.00, 34.73
2.00, 34.73
2.00, 34.73
2.00, 34.81
2.00, 34.81
2.00, 34.81
2.00, 34.81
2.00, 34.81
2.00, 34.81
2.00, 34.81
2.00, 34.81
2.00, 34.81
2.00, 34.81
2.00, 34.81
2.00, 34.89
2.00, 34.89
2.00, 34.89
2.00, 34.89
2.00, 34.89
2.00, 34.89
3.00, 34.89
3.00, 34.89
3.00, 34.89
3.00, 34.89
3.00, 34.83
3.00, 34.83
3.00, 34.83
3.00, 34.83
3.00, 34.83
3.00, 34.83
3.00, 34.83
3.00, 34.83
3.00, 34.83
3.00, 34.83
3.00, 34.83
2.00, 34.85
2.00, 34.85
3.00, 34.85
2.00, 34.85
2.00, 34.85
3.00, 34.85
3.00, 34.85
3.00, 34.85
3.00, 34.85
3.00, 34.85
3.00, 34.87
3.00, 34.87
3.00, 34.87
3.00, 34.87
3.00, 34.87
3.00, 34.87
3.00, 34.87
3.00, 34.87
3.00, 34.87
3.00, 34.87
3.00, 34.87
3.00, 34.79
4.00, 34.79
4.00, 34.79
4.00, 34.79
4.00, 34.79
5.00, 34.79
7.00, 34.79
12.00, 34.79
4.00, 34.79
3.00, 34.79
3.00, 34.67
3.00, 34.67
3.00, 34.67
3.00, 34.67
3.00, 34.67
3.00, 34.67
3.00, 34.67
3.00, 34.67
2.00, 34.67
2.00, 34.67
2.00, 34.67
2.00, 34.75
3.00, 34.75
2.00, 34.75
2.00, 34.75
2.00, 34.75
3.00, 34.75
2.00, 34.75
2.00, 34.75
2.00, 34.75
2.00, 34.75
2.00, 34.11
2.00, 34.11
2.00, 34.11
2.00, 34.11
2.00, 34.11
2.00, 34.11
2.00, 34.11
2.00, 34.11
3.00, 34.11
3.00, 34.11
3.00, 34.11
2.00, 34.35
3.00, 34.35
3.00, 34.35
4.00, 34.35
4.00, 34.35
5.00, 34.35
6.00, 34.35
6.00, 34.35
5.00, 34.35
4.00, 34.35
3.00, 35.21
3.00, 35.21
2.00, 35.21
2.00, 35.21
2.00, 35.21
2.00, 35.21
2.00, 35.21
2.00, 35.21
2.00, 35.21
2.00, 35.21
2.00, 35.21
3.00, 35.57
2.00, 35.57
2.00, 35.57
2.00, 35.57
2.00, 35.57
2.00, 35.57
2.00, 35.57
2.00, 35.57
2.00, 35.57
2.00, 35.57
2.00, 35.57
2.00, 35.65
2.00, 35.65
2.00, 35.65
2.00, 35.65
2.00, 35.65
2.00, 35.65
3.00, 35.65
2.00, 35.65
2.00, 35.65
2.00, 35.65
2.00, 35.63
2.00, 35.63
2.00, 35.63
2.00, 35.63
2.00, 35.63
2.00, 35.63
2.00, 35.63
2.00, 35.63
2.00, 35.63
2.00, 35.63
2.00, 35.63
2.00, 35.55
2.00, 35.55
3.00, 35.55
3.00, 35.55
2.00, 35.55
2.00, 35.55
3.00, 35.55
3.00, 35.55
3.00, 35.55
3.00, 35.55
3.00, 35.61
3.00, 35.61
3.00, 35.61
3.00, 35.61
3.00, 35.61
3.00, 35.61
3.00, 35.61
3.00, 35.61
3.00, 35.61
3.00, 35.61
3.00, 35.61
3.00, 35.61
3.00, 35.61
3.00, 35.61
3.00, 35.61
3.00, 35.61
3.00, 35.61
3.00, 35.61
3.00, 35.61
4.00, 35.61
6.00, 35.61
8.00, 35.59
8.00, 35.59
15.00, 35.59
14.00, 35.59
7.00, 35.59
7.00, 35.59
5.00, 35.59
5.00, 35.59
4.00, 35.59
4.00, 35.59
4.00, 35.59
4.00, 35.47
4.00, 35.47
4.00, 35.47
3.00, 35.47
3.00, 35.47
3.00, 35.47
4.00, 35.47
3.00, 35.47
4.00, 35.47
4.00, 35.47
4.00, 35.47
4.00, 35.47
4.00, 35.47
4.00, 35.47
4.00, 35.47
4.00, 35.47
4.00, 35.47
4.00, 35.47
4.00, 35.47
4.00, 35.47
5.00, 35.47
4.00, 35.51
4.00, 35.51
4.00, 35.51
4.00, 35.51
5.00, 35.51
5.00, 35.51
5.00, 35.51
5.00, 35.51
5.00, 35.51
5.00, 35.51
5.00, 35.37
5.00, 35.37
5.00, 35.37
5.00, 35.37
5.00, 35.37
10.00, 35.37
11.00, 35.37
11.00, 35.37
11.00, 35.37
11.00, 35.37
6.00, 35.35
5.00, 35.35
5.00, 35.35
5.00, 35.35
5.00, 35.35
5.00, 35.35
4.00, 35.35
5.00, 35.35
5.00, 35.35
6.00, 35.35
6.00, 35.35
5.00, 35.33
6.00, 35.33
5.00, 35.33
6.00, 35.33
5.00, 35.33
6.00, 35.33
5.00, 35.33
5.00, 35.33
5.00, 35.33
5.00, 35.33
5.00, 35.23
5.00, 35.23
6.00, 35.23
5.00, 35.23
5.00, 35.23
5.00, 35.23
6.00, 35.23
6.00, 35.23
6.00, 35.23
11.00, 35.23
11.00, 35.23
11.00, 35.23
11.00, 35.23
11.00, 35.23
11.00, 35.23
11.00, 35.23
11.00, 35.23
7.00, 35.23
6.00, 35.23
10.00, 35.23
10.00, 35.23
10.00, 35.27
10.00, 35.27
10.00, 35.27
10.00, 35.27
11.00, 35.27
11.00, 35.27
11.00, 35.27
11.00, 35.27
12.00, 35.27
12.00, 35.27
12.00, 35.27
12.00, 35.27
12.00, 35.27
12.00, 35.27
12.00, 35.27
12.00, 35.27
12.00, 35.27
12.00, 35.27
12.00, 35.27
12.00, 35.23
12.00, 35.23
12.00, 35.23
12.00, 35.23
12.00, 35.23
11.00, 35.23
11.00, 35.23
11.00, 35.23
11.00, 35.23
11.00, 35.23
12.00, 35.19
11.00, 35.19
12.00, 35.19
12.00, 35.19
12.00, 35.19
12.00, 35.19
12.00, 35.19
13.00, 35.19
12.00, 35.19
13.00, 35.19
8.00, 35.17
7.00, 35.17
7.00, 35.17
7.00, 35.17
7.00, 35.17
7.00, 35.17
7.00, 35.17
8.00, 35.17
7.00, 35.17
7.00, 35.17
7.00, 35.15
7.00, 35.15
7.00, 35.15
7.00, 35.15
7.00, 35.15
7.00, 35.15
6.00, 35.15
6.00, 35.15
6.00, 35.15
6.00, 35.15
7.00, 35.15
7.00, 35.15
7.00, 35.15
7.00, 35.15
6.00, 35.15
6.00, 35.15
7.00, 35.15
7.00, 35.15
7.00, 35.15
6.00, 35.15
6.00, 35.15
7.00, 35.19
7.00, 35.19
7.00, 35.19
7.00, 35.19
7.00, 35.19
6.00, 35.19
6.00, 35.19
6.00, 35.19
7.00, 35.19
6.00, 35.19
6.00, 35.19
6.00, 35.21
6.00, 35.21
6.00, 35.21
6.00, 35.21
6.00, 35.21
7.00, 35.21
7.00, 35.21
6.00, 35.21
6.00, 35.21
6.00, 35.21
6.00, 35.09
6.00, 35.09
6.00, 35.09
6.00, 35.09
6.00, 35.09
6.00, 35.09
6.00, 35.09
6.00, 35.09
6.00, 35.09
6.00, 35.09
6.00, 35.09
6.00, 35.15
6.00, 35.15
6.00, 35.15
6.00, 35.15
6.00, 35.15
6.00, 35.15
6.00, 35.15
6.00, 35.15
6.00, 35.15
7.00, 35.15
6.00, 35.15
6.00, 35.21
6.00, 35.21
6.00, 35.21
6.00, 35.21
7.00, 35.21
6.00, 35.21
7.00, 35.21
7.00, 35.21
7.00, 35.21
6.00, 35.21
6.00, 35.13
7.00, 35.13
7.00, 35.13
7.00, 35.13
6.00, 35.13
6.00, 35.13
7.00, 35.13
7.00, 35.13
7.00, 35.13
7.00, 35.13
7.00, 35.13
7.00, 35.17
7.00, 35.17
7.00, 35.17
7.00, 35.17
7.00, 35.17
7.00, 35.17
7.00, 35.17
7.00, 35.17
7.00, 35.17
7.00, 35.17
7.00, 35.11
7.00, 35.11
7.00, 35.11
7.00, 35.11
7.00, 35.11
7.00, 35.11
7.00, 35.11
7.00, 35.11
7.00, 35.11
7.00, 35.11
7.00, 35.11
7.00, 35.11
7.00, 35.11
7.00, 35.11
7.00, 35.11
7.00, 35.11
7.00, 35.11
7.00, 35.11
7.00, 35.11
7.00, 35.11
7.00, 35.11
7.00, 35.05
7.00, 35.05
7.00, 35.05
7.00, 35.05
7.00, 35.05
7.00, 35.05
7.00, 35.05
7.00, 35.05
7.00, 35.05
7.00, 35.05
7.00, 35.05
7.00, 35.09
7.00, 35.09
7.00, 35.09
7.00, 35.09
7.00, 35.09
7.00, 35.09
7.00, 35.09
7.00, 35.09
7.00, 35.09
7.00, 35.09
6.00, 35.09
6.00, 35.01
7.00, 35.01
7.00, 35.01
7.00, 35.01
7.00, 35.01
7.00, 35.01
7.00, 35.01
7.00, 35.01
7.00, 35.01
7.00, 35.01
7.00, 34.93
7.00, 34.93
7.00, 34.93
7.00, 34.93
7.00, 34.93
7.00, 34.93
7.00, 34.93
7.00, 34.93
7.00, 34.93
7.00, 34.93
7.00, 34.93
7.00, 34.87
7.00, 34.87
7.00, 34.87
7.00, 34.87
7.00, 34.87
7.00, 34.87
7.00, 34.87
7.00, 34.87
7.00, 34.87
7.00, 34.87
7.00, 34.83
7.00, 34.83
7.00, 34.83
7.00, 34.83
7.00, 34.83
7.00, 34.83
7.00, 34.83
7.00, 34.83
7.00, 34.83
7.00, 34.83
7.00, 34.83
7.00, 34.77
7.00, 34.77
7.00, 34.77
7.00, 34.77
7.00, 34.77
7.00, 34.77
7.00, 34.77
7.00, 34.77
7.00, 34.77
7.00, 34.77
7.00, 34.73
7.00, 34.73
7.00, 34.73
7.00, 34.73
7.00, 34.73
7.00, 34.73
7.00, 34.73
7.00, 34.73
7.00, 34.73
7.00, 34.73
7.00, 34.73
7.00, 34.77
7.00, 34.77
7.00, 34.77
7.00, 34.77
7.00, 34.77
7.00, 34.77
7.00, 34.77
7.00, 34.77
7.00, 34.77
7.00, 34.77
7.00, 34.71
7.00, 34.71
7.00, 34.71
7.00, 34.71
7.00, 34.71
7.00, 34.71
7.00, 34.71
7.00, 34.71
7.00, 34.71
7.00, 34.71
7.00, 34.71
7.00, 34.71
7.00, 34.71
7.00, 34.71
7.00, 34.71
7.00, 34.71
7.00, 34.71
7.00, 34.71
7.00, 34.71
7.00, 34.71
7.00, 34.71
7.00, 34.71
7.00, 34.65
7.00, 34.65
7.00, 34.65
7.00, 34.65
7.00, 34.65
7.00, 34.65
7.00, 34.65
7.00, 34.65
7.00, 34.65
7.00, 34.65
7.00, 34.63
7.00, 34.63
7.00, 34.63
7.00, 34.63
7.00, 34.63
7.00, 34.63
7.00, 34.63
7.00, 34.63
7.00, 34.63
7.00, 34.63
7.00, 34.63
7.00, 34.67
7.00, 34.67
7.00, 34.67
7.00, 34.67
7.00, 34.67
7.00, 34.67
7.00, 34.67
7.00, 34.67
7.00, 34.67
7.00, 34.67
7.00, 34.67
7.00, 34.67
7.00, 34.67
7.00, 34.67
7.00, 34.67
7.00, 34.67
7.00, 34.67
8.00, 34.67
7.00, 34.67
7.00, 34.67
7.00, 34.67
7.00, 34.53
7.00, 34.53
7.00, 34.53
7.00, 34.53
7.00, 34.53
7.00, 34.53
7.00, 34.53
7.00, 34.53
8.00, 34.53
7.00, 34.53
7.00, 34.61
8.00, 34.61
8.00, 34.61
8.00, 34.61
7.00, 34.61
7.00, 34.61
8.00, 34.61
8.00, 34.61
7.00, 34.61
7.00, 34.61
7.00, 34.61
7.00, 34.61
7.00, 34.61
7.00, 34.61
7.00, 34.61
7.00, 34.61
7.00, 34.61
7.00, 34.61
8.00, 34.61
7.00, 34.61
7.00, 34.61
8.00, 34.61
8.00, 34.57
7.00, 34.57
8.00, 34.57
8.00, 34.57
7.00, 34.57
7.00, 34.57
7.00, 34.57
7.00, 34.57
7.00, 34.57
8.00, 34.57
8.00, 34.45
8.00, 34.45
8.00, 34.45
8.00, 34.45
8.00, 34.45
8.00, 34.45
8.00, 34.45
8.00, 34.45
8.00, 34.45
8.00, 34.45
8.00, 34.45
8.00, 34.47
8.00, 34.47
7.00, 34.47
8.00, 34.47
8.00, 34.47
8.00, 34.47
8.00, 34.47
8.00, 34.47
8.00, 34.47
8.00, 34.47
8.00, 34.53
8.00, 34.53
8.00, 34.53
8.00, 34.53
8.00, 34.53
8.00, 34.53
8.00, 34.53
8.00, 34.53
8.00, 34.53
8.00, 34.53
8.00, 34.53
8.00, 34.45
8.00, 34.45
8.00, 34.45
8.00, 34.45
8.00, 34.45
8.00, 34.45
9.00, 34.45
8.00, 34.45
9.00, 34.45
8.00, 34.45
9.00, 34.29
8.00, 34.29
9.00, 34.29
9.00, 34.29
9.00, 34.29
9.00, 34.29
9.00, 34.29
9.00, 34.29
8.00, 34.29
9.00, 34.29
9.00, 34.29
8.00, 34.37
8.00, 34.37
8.00, 34.37
8.00, 34.37
9.00, 34.37
9.00, 34.37
9.00, 34.37
9.00, 34.37
9.00, 34.37
9.00, 34.37
9.00, 34.37
9.00, 34.33
9.00, 34.33
9.00, 34.33
9.00, 34.33
9.00, 34.33
9.00, 34.33
9.00, 34.33
9.00, 34.33
9.00, 34.33
9.00, 34.33
9.00, 34.27
9.00, 34.27
9.00, 34.27
9.00, 34.27
9.00, 34.27
9.00, 34.27
9.00, 34.27
9.00, 34.27
9.00, 34.27
9.00, 34.27
9.00, 34.27
9.00, 34.27
9.00, 34.27
10.00, 34.27
9.00, 34.27
9.00, 34.27
9.00, 34.27
9.00, 34.27
9.00, 34.27
9.00, 34.27
9.00, 34.27
9.00, 34.31
9.00, 34.31
9.00, 34.31
9.00, 34.31
9.00, 34.31
9.00, 34.31
9.00, 34.31
9.00, 34.31
9.00, 34.31
9.00, 34.31
9.00, 34.31
9.00, 34.33
9.00, 34.33
9.00, 34.33
9.00, 34.33
9.00, 34.33
9.00, 34.33
9.00, 34.33
10.00, 34.33
9.00, 34.33
9.00, 34.33
9.00, 34.21
10.00, 34.21
9.00, 34.21
9.00, 34.21
10.00, 34.21
9.00, 34.21
10.00, 34.21
10.00, 34.21
10.00, 34.21
10.00, 34.21
10.00, 34.29
10.00, 34.29
10.00, 34.29
10.00, 34.29
10.00, 34.29
10.00, 34.29
10.00, 34.29
10.00, 34.29
10.00, 34.29
10.00, 34.29
10.00, 34.25
10.00, 34.25
10.00, 34.25
11.00, 34.25
10.00, 34.25
10.00, 34.25
11.00, 34.25
11.00, 34.25
11.00, 34.25
11.00, 34.25
11.00, 34.19
11.00, 34.19
11.00, 34.19
11.00, 34.19
11.00, 34.19
11.00, 34.19
11.00, 34.19
11.00, 34.19
11.00, 34.19
11.00, 34.19
11.00, 34.27
11.00, 34.27
11.00, 34.27
11.00, 34.27
11.00, 34.27
11.00, 34.27
11.00, 34.27
11.00, 34.27
11.00, 34.27
12.00, 34.27
11.00, 34.25
11.00, 34.25
12.00, 34.25
11.00, 34.25
11.00, 34.25
11.00, 34.25
12.00, 34.25
11.00, 34.25
11.00, 34.25
11.00, 34.31
11.00, 34.31
12.00, 34.31
11.00, 34.31
11.00, 34.31
11.00, 34.31
12.00, 34.31
11.00, 34.31
11.00, 34.31
11.00, 34.31
11.00, 34.27
11.00, 34.27
11.00, 34.27
11.00, 34.27
11.00, 34.27
11.00, 34.27
11.00, 34.27
11.00, 34.27
11.00, 34.27
11.00, 34.27
12.00, 34.35
11.00, 34.35
11.00, 34.35
11.00, 34.35
11.00, 34.35
12.00, 34.35
12.00, 34.35
11.00, 34.35
11.00, 34.35
12.00, 34.35
11.00, 34.33
11.00, 34.33
11.00, 34.33
12.00, 34.33
11.00, 34.33
11.00, 34.33
12.00, 34.33
12.00, 34.33
12.00, 34.33
12.00, 34.33
12.00, 34.33
12.00, 34.33
12.00, 34.33
13.00, 34.33
12.00, 34.33
12.00, 34.33
12.00, 34.33
12.00, 34.33
12.00, 34.33
12.00, 34.37
12.00, 34.37
12.00, 34.37
13.00, 34.37
13.00, 34.37
13.00, 34.37
13.00, 34.37
13.00, 34.37
13.00, 34.37
13.00, 34.37
13.00, 34.33
13.00, 34.33
13.00, 34.33
13.00, 34.33
13.00, 34.33
13.00, 34.33
13.00, 34.33
13.00, 34.33
13.00, 34.33
13.00, 34.33
13.00, 34.29
13.00, 34.29
13.00, 34.29
13.00, 34.29
13.00, 34.29
12.00, 34.29
12.00, 34.29
12.00, 34.29
13.00, 34.29
13.00, 34.29
12.00, 34.29
12.00, 34.29
12.00, 34.29
13.00, 34.29
12.00, 34.29
12.00, 34.29
12.00, 34.29
12.00, 34.29
12.00, 34.29
13.00, 34.29
13.00, 34.33
12.00, 34.33
12.00, 34.33
13.00, 34.33
13.00, 34.33
12.00, 34.33
12.00, 34.33
13.00, 34.33
13.00, 34.33
13.00, 34.37
13.00, 34.37
13.00, 34.37
13.00, 34.37
13.00, 34.37
13.00, 34.37
13.00, 34.37
13.00, 34.37
13.00, 34.37
14.00, 34.37
14.00, 34.37
14.00, 34.37
14.00, 34.37
14.00, 34.37
13.00, 34.37
14.00, 34.37
14.00, 34.37
14.00, 34.37
14.00, 34.37
14.00, 34.37
14.00, 34.39
14.00, 34.39
14.00, 34.39
14.00, 34.39
14.00, 34.39
14.00, 34.39
14.00, 34.39
15.00, 34.39
14.00, 34.39
14.00, 34.39
14.00, 34.39
14.00, 34.39
14.00, 34.39
14.00, 34.39
13.00, 34.39
13.00, 34.39
14.00, 34.39
14.00, 34.39
13.00, 34.39
14.00, 34.39
14.00, 34.39
14.00, 34.39
14.00, 34.39
13.00, 34.39
13.00, 34.39
14.00, 34.39
14.00, 34.39
14.00, 34.39
14.00, 34.39
14.00, 34.49
13.00, 34.49
13.00, 34.49
14.00, 34.49
14.00, 34.49
13.00, 34.49
13.00, 34.49
13.00, 34.49
13.00, 34.49
13.00, 34.49
14.00, 34.47
13.00, 34.47
13.00, 34.47
14.00, 34.47
13.00, 34.47
13.00, 34.47
14.00, 34.47
13.00, 34.47
13.00, 34.47
14.00, 34.47
13.00, 34.51
14.00, 34.51
14.00, 34.51
14.00, 34.51
14.00, 34.51
14.00, 34.51
15.00, 34.51
14.00, 34.51
15.00, 34.51
15.00, 34.51
15.00, 34.57
131.00, 34.57
131.00, 34.57
131.00, 34.57
131.00, 34.57
131.00, 34.57
131.00, 34.57
131.00, 34.55
30.00, 34.55
29.00, 34.55
30.00, 34.55
30.00, 34.55
29.00, 34.55
30.00, 34.55
131.00, 34.55
30.00, 34.55
131.00, 34.45
30.00, 34.45
30.00, 34.45
131.00, 34.45
30.00, 34.45
30.00, 34.45
30.00, 34.45
31.00, 34.45
132.00, 34.45
30.00, 34.45
30.00, 34.55
30.00, 34.55
225.00, 34.55
31.00, 34.55
30.00, 34.55
30.00, 34.55
30.00, 34.55
30.00, 34.55
30.00, 34.55
30.00, 34.43
29.00, 34.43
29.00, 34.43
30.00, 34.43
30.00, 34.43
17.00, 34.43
17.00, 34.43
16.00, 34.43
16.00, 34.43
16.00, 34.43
16.00, 34.43
17.00, 34.49
16.00, 34.49
16.00, 34.49
15.00, 34.49
16.00, 34.49
16.00, 34.49
2174.00, 34.55
2178.00, 34.53
2178.00, 34.49
2178.00, 34.57
2179.00, 34.51
228.00, 34.51
18.00, 34.51
18.00, 34.51
17.00, 34.51
17.00, 34.51
18.00, 34.47
18.00, 34.47
18.00, 34.47
18.00, 34.47
18.00, 34.47
18.00, 34.47
18.00, 34.47
18.00, 34.47
18.00, 34.47
18.00, 34.47
18.00, 34.55
18.00, 34.55
18.00, 34.55
18.00, 34.55
18.00, 34.55
18.00, 34.55
18.00, 34.55
18.00, 34.55
18.00, 34.55
18.00, 34.55
18.00, 34.55
18.00, 34.49
18.00, 34.49
18.00, 34.49
18.00, 34.49
18.00, 34.49
18.00, 34.49
18.00, 34.49
18.00, 34.49
18.00, 34.49
18.00, 34.49
18.00, 34.49
18.00, 34.59
19.00, 34.59
19.00, 34.59
19.00, 34.59
18.00, 34.59
18.00, 34.59
228.00, 34.59
227.00, 34.59
227.00, 34.61
228.00, 34.61
227.00, 34.61
230.00, 34.61
229.00, 34.61
230.00, 34.61
229.00, 34.59
229.00, 34.59
227.00, 34.59
229.00, 34.59
228.00, 34.59
2178.00, 34.63
2178.00, 34.59
2178.00, 34.59
2178.00, 34.61
2179.00, 34.57
2179.00, 34.51
2178.00, 34.57
2178.00, 34.55
2178.00, 34.53
18.00, 34.53
17.00, 34.53
17.00, 34.49
17.00, 34.49
17.00, 34.49
17.00, 34.49
17.00, 34.49
17.00, 34.49
17.00, 34.49
17.00, 34.49
17.00, 34.49
17.00, 34.49
17.00, 34.49
17.00, 34.51
17.00, 34.51
16.00, 34.51
16.00, 34.51
16.00, 34.51
16.00, 34.51
17.00, 34.51
17.00, 34.51
17.00, 34.51
17.00, 34.51
17.00, 34.51
17.00, 34.41
17.00, 34.41
17.00, 34.41
17.00, 34.41
17.00, 34.41
17.00, 34.41
16.00, 34.41
16.00, 34.41
16.00, 34.41
16.00, 34.41
16.00, 34.41
16.00, 34.43
16.00, 34.43
16.00, 34.43
16.00, 34.43
16.00, 34.43
16.00, 34.43
16.00, 34.43
16.00, 34.43
16.00, 34.43
17.00, 34.43
16.00, 34.51
16.00, 34.51
16.00, 34.51
17.00, 34.51
17.00, 34.51
17.00, 34.51
19.00, 34.51
2172.00, 34.47
2179.00, 34.51
2179.00, 34.47
2179.00, 34.41
2178.00, 34.43
20.00, 34.43
19.00, 34.43
18.00, 34.43
18.00, 34.49
18.00, 34.49
19.00, 34.49
18.00, 34.49
18.00, 34.49
18.00, 34.49
18.00, 34.49
18.00, 34.49
18.00, 34.49
18.00, 34.49
18.00, 34.49
18.00, 34.51
18.00, 34.51
18.00, 34.51
18.00, 34.51
18.00, 34.51
18.00, 34.51
18.00, 34.51
18.00, 34.51
18.00, 34.51
18.00, 34.51
18.00, 34.51
18.00, 34.41
18.00, 34.41
18.00, 34.41
18.00, 34.41
18.00, 34.41
18.00, 34.41
18.00, 34.41
18.00, 34.41
18.00, 34.41
18.00, 34.41
18.00, 34.41
18.00, 34.41
18.00, 34.41
17.00, 34.41
18.00, 34.41
17.00, 34.41
17.00, 34.41
17.00, 34.41
17.00, 34.41
17.00, 34.41
17.00, 34.41
16.00, 34.39
16.00, 34.39
16.00, 34.39
16.00, 34.39
17.00, 34.39
17.00, 34.39
16.00, 34.39
16.00, 34.39
16.00, 34.39
17.00, 34.39
16.00, 34.39
16.00, 34.39
16.00, 34.39
16.00, 34.39
16.00, 34.39
17.00, 34.39
16.00, 34.39
17.00, 34.39
17.00, 34.39
17.00, 34.37
17.00, 34.37
17.00, 34.37
17.00, 34.37
17.00, 34.37
17.00, 34.37
17.00, 34.37
17.00, 34.37
17.00, 34.37
17.00, 34.37
17.00, 34.37
17.00, 34.37
17.00, 34.37
17.00, 34.37
17.00, 34.37
17.00, 34.37
17.00, 34.37
17.00, 34.37
17.00, 34.37
17.00, 34.37
17.00, 34.41
17.00, 34.41
17.00, 34.41
17.00, 34.41
17.00, 34.41
17.00, 34.41
17.00, 34.41
17.00, 34.41
17.00, 34.41
17.00, 34.41
17.00, 34.39
17.00, 34.39
17.00, 34.39
17.00, 34.39
17.00, 34.39
17.00, 34.39
17.00, 34.39
17.00, 34.39
17.00, 34.39
17.00, 34.45
17.00, 34.45
17.00, 34.45
17.00, 34.45
17.00, 34.45
17.00, 34.45
17.00, 34.45
17.00, 34.45
17.00, 34.45
17.00, 34.45
17.00, 34.45
17.00, 34.45
17.00, 34.45
17.00, 34.45
17.00, 34.45
17.00, 34.45
17.00, 34.45
17.00, 34.45
17.00, 34.45
17.00, 34.45
17.00, 34.39
17.00, 34.39
17.00, 34.39
17.00, 34.39
17.00, 34.39
17.00, 34.39
17.00, 34.39
17.00, 34.39
17.00, 34.39
17.00, 34.39
17.00, 34.35
17.00, 34.35
17.00, 34.35
17.00, 34.35
18.00, 34.35
17.00, 34.35
18.00, 34.35
17.00, 34.35
17.00, 34.35
17.00, 34.39
17.00, 34.39
18.00, 34.39
17.00, 34.39
17.00, 34.39
17.00, 34.39
17.00, 34.39
17.00, 34.39
17.00, 34.39
18.00, 34.39
18.00, 34.41
17.00, 34.41
17.00, 34.41
17.00, 34.41
17.00, 34.41
18.00, 34.41
17.00, 34.41
17.00, 34.41
17.00, 34.41
17.00, 34.41
17.00, 34.31
18.00, 34.31
18.00, 34.31
17.00, 34.31
17.00, 34.31
17.00, 34.31
17.00, 34.31
17.00, 34.31
18.00, 34.31
17.00, 34.31
18.00, 34.27
18.00, 34.27
17.00, 34.27
17.00, 34.27
17.00, 34.27
17.00, 34.27
17.00, 34.27
17.00, 34.27
18.00, 34.27
18.00, 34.27
17.00, 34.25
17.00, 34.25
17.00, 34.25
17.00, 34.25
17.00, 34.25
18.00, 34.25
18.00, 34.25
18.00, 34.25
18.00, 34.25
18.00, 34.27
18.00, 34.27
18.00, 34.27
18.00, 34.27
18.00, 34.27
18.00, 34.27
17.00, 34.27
18.00, 34.27
18.00, 34.27
18.00, 34.27
18.00, 34.39
18.00, 34.39
18.00, 34.39
18.00, 34.39
18.00, 34.39
18.00, 34.39
18.00, 34.39
18.00, 34.39
18.00, 34.39
18.00, 34.39
18.00, 34.31
18.00, 34.31
18.00, 34.31
18.00, 34.31
18.00, 34.31
18.00, 34.31
18.00, 34.31
18.00, 34.31
18.00, 34.31
18.00, 34.31
18.00, 34.27
18.00, 34.27
18.00, 34.27
18.00, 34.27
18.00, 34.27
18.00, 34.27
18.00, 34.27
18.00, 34.27
18.00, 34.27
18.00, 34.27
18.00, 34.27
18.00, 34.27
18.00, 34.27
18.00, 34.27
18.00, 34.27
18.00, 34.27
18.00, 34.27
18.00, 34.27
18.00, 34.27
18.00, 34.31
18.00, 34.31
18.00, 34.31
18.00, 34.31
18.00, 34.31
18.00, 34.31
18.00, 34.31
18.00, 34.31
18.00, 34.31
18.00, 34.31
18.00, 34.33
18.00, 34.33
18.00, 34.33
18.00, 34.33
18.00, 34.33
18.00, 34.33
18.00, 34.33
18.00, 34.33
18.00, 34.33
18.00, 34.33
18.00, 34.21
18.00, 34.21
18.00, 34.21
18.00, 34.21
18.00, 34.21
18.00, 34.21
19.00, 34.21
19.00, 34.21
19.00, 34.21
19.00, 34.21
18.00, 34.27
19.00, 34.27
19.00, 34.27
19.00, 34.27
19.00, 34.27
19.00, 34.27
19.00, 34.27
19.00, 34.27
19.00, 34.27
19.00, 34.21
19.00, 34.21
19.00, 34.21
19.00, 34.21
19.00, 34.21
20.00, 34.21
19.00, 34.21
20.00, 34.21
19.00, 34.21
19.00, 34.21
19.00, 34.25
20.00, 34.25
20.00, 34.25
19.00, 34.25
19.00, 34.25
19.00, 34.25
19.00, 34.25
19.00, 34.25
19.00, 34.25
19.00, 34.25
20.00, 34.25
2172.00, 34.27
2179.00, 34.25
2179.00, 34.27
2179.00, 34.23
2178.00, 34.21
23.00, 34.21
22.00, 34.21
22.00, 34.21
22.00, 34.21
22.00, 34.21
22.00, 34.21
21.00, 34.21
21.00, 34.21
21.00, 34.21
21.00, 34.21
21.00, 34.23
21.00, 34.23
21.00, 34.23
21.00, 34.23
21.00, 34.23
21.00, 34.23
21.00, 34.23
21.00, 34.23
22.00, 34.23
22.00, 34.23
23.00, 34.23
23.00, 34.25
23.00, 34.25
22.00, 34.25
22.00, 34.25
22.00, 34.25
22.00, 34.25
23.00, 34.25
22.00, 34.25
22.00, 34.25
22.00, 34.25
22.00, 34.23
21.00, 34.23
21.00, 34.23
21.00, 34.23
21.00, 34.23
22.00, 34.23
22.00, 34.23
22.00, 34.23
21.00, 34.23
22.00, 34.23
21.00, 34.23
21.00, 34.23
21.00, 34.23
21.00, 34.23
21.00, 34.23
21.00, 34.23
21.00, 34.23
21.00, 34.23
20.00, 34.23
20.00, 34.23
20.00, 34.23
20.00, 34.25
20.00, 34.25
20.00, 34.25
20.00, 34.25
20.00, 34.25
20.00, 34.25
20.00, 34.25
20.00, 34.25
20.00, 34.25
20.00, 34.25
19.00, 34.23
20.00, 34.23
20.00, 34.23
19.00, 34.23
19.00, 34.23
19.00, 34.23
19.00, 34.23
19.00, 34.23
19.00, 34.23
19.00, 34.27
19.00, 34.27
19.00, 34.27
19.00, 34.27
19.00, 34.27
19.00, 34.27
19.00, 34.27
19.00, 34.27
19.00, 34.27
19.00, 34.27
19.00, 34.23
19.00, 34.23
19.00, 34.23
19.00, 34.23
19.00, 34.23
19.00, 34.23
19.00, 34.23
19.00, 34.23
19.00, 34.23
19.00, 34.23
19.00, 34.31
19.00, 34.31
19.00, 34.31
19.00, 34.31
19.00, 34.31
19.00, 34.31
19.00, 34.31
19.00, 34.31
19.00, 34.31
19.00, 34.31
19.00, 34.23
19.00, 34.23
19.00, 34.23
19.00, 34.23
19.00, 34.23
19.00, 34.23
20.00, 34.23
19.00, 34.23
20.00, 34.23
20.00, 34.19
20.00, 34.19
20.00, 34.19
20.00, 34.19
20.00, 34.19
20.00, 34.19
20.00, 34.19
21.00, 34.19
2172.00, 34.15
19.00, 34.15
19.00, 34.15
19.00, 34.15
19.00, 34.21
19.00, 34.21
19.00, 34.21
19.00, 34.21
19.00, 34.21
20.00, 34.21
19.00, 34.21
19.00, 34.21
20.00, 34.21
20.00, 34.21
20.00, 34.27
20.00, 34.27
20.00, 34.27
20.00, 34.27
21.00, 34.27
21.00, 34.27
20.00, 34.27
20.00, 34.27
19.00, 34.27
20.00, 34.27
19.00, 34.27
19.00, 34.21
20.00, 34.21
19.00, 34.21
19.00, 34.21
20.00, 34.21
20.00, 34.21
21.00, 34.21
2173.00, 34.29
2178.00, 34.33
21.00, 34.33
21.00, 34.33
20.00, 34.33
20.00, 34.33
20.00, 34.27
20.00, 34.27
21.00, 34.27
20.00, 34.27
20.00, 34.27
20.00, 34.27
20.00, 34.27
20.00, 34.27
20.00, 34.27
21.00, 34.27
21.00, 34.27
20.00, 34.25
21.00, 34.25
20.00, 34.25
20.00, 34.25
21.00, 34.25
20.00, 34.25
20.00, 34.25
20.00, 34.25
20.00, 34.25
21.00, 34.25
21.00, 34.25
21.00, 34.31
20.00, 34.31
21.00, 34.31
21.00, 34.31
21.00, 34.31
20.00, 34.31
21.00, 34.31
21.00, 34.31
21.00, 34.31
21.00, 34.31
21.00, 34.25
21.00, 34.25
21.00, 34.25
21.00, 34.25
21.00, 34.25
21.00, 34.25
21.00, 34.25
21.00, 34.25
21.00, 34.25
21.00, 34.25
21.00, 34.27
21.00, 34.27
21.00, 34.27
21.00, 34.27
21.00, 34.27
21.00, 34.27
22.00, 34.27
22.00, 34.27
22.00, 34.27
22.00, 34.27
22.00, 34.25
22.00, 34.25
22.00, 34.25
23.00, 34.25
23.00, 34.25
23.00, 34.25
23.00, 34.25
23.00, 34.25
24.00, 34.25
23.00, 34.25
24.00, 34.31
24.00, 34.31
24.00, 34.31
24.00, 34.31
24.00, 34.31
24.00, 34.31
24.00, 34.31
24.00, 34.31
24.00, 34.31
24.00, 34.31
25.00, 34.31
25.00, 34.31
25.00, 34.31
25.00, 34.31
24.00, 34.31
25.00, 34.31
24.00, 34.31
25.00, 34.31
24.00, 34.31
24.00, 34.27
24.00, 34.27
24.00, 34.27
24.00, 34.27
24.00, 34.27
24.00, 34.27
24.00, 34.27
24.00, 34.27
24.00, 34.27
24.00, 34.27
24.00, 34.19
24.00, 34.19
24.00, 34.19
24.00, 34.19
24.00, 34.19
24.00, 34.19
24.00, 34.19
24.00, 34.19
24.00, 34.19
24.00, 34.19
25.00, 34.21
24.00, 34.21
25.00, 34.21
24.00, 34.21
25.00, 34.21
24.00, 34.21
24.00, 34.21
24.00, 34.21
26.00, 34.21
26.00, 34.21
24.00, 34.13
25.00, 34.13
25.00, 34.13
24.00, 34.13
24.00, 34.13
25.00, 34.13
25.00, 34.13
26.00, 34.13
26.00, 34.13
24.00, 34.13
24.00, 34.15
24.00, 34.15
24.00, 34.15
24.00, 34.15
24.00, 34.15
24.00, 34.15
25.00, 34.15
24.00, 34.15
25.00, 34.15
24.00, 34.11
24.00, 34.11
25.00, 34.11
25.00, 34.11
25.00, 34.11
25.00, 34.11
25.00, 34.11
25.00, 34.11
25.00, 34.11
25.00, 34.11
26.00, 34.09
25.00, 34.09
25.00, 34.09
25.00, 34.09
25.00, 34.09
26.00, 34.09
25.00, 34.09
25.00, 34.09
25.00, 34.09
25.00, 34.09
25.00, 34.19
25.00, 34.19
25.00, 34.19
25.00, 34.19
25.00, 34.19
25.00, 34.19
26.00, 34.19
25.00, 34.19
25.00, 34.19
26.00, 34.19
26.00, 34.25
26.00, 34.25
25.00, 34.25
25.00, 34.25
26.00, 34.25
26.00, 34.25
26.00, 34.25
25.00, 34.25
25.00, 34.25
26.00, 34.19
26.00, 34.19
26.00, 34.19
27.00, 34.19
2171.00, 34.23
2178.00, 34.19
2178.00, 34.25
2179.00, 34.27
2178.00, 34.27
2178.00, 34.19
29.00, 34.19
28.00, 34.19
27.00, 34.19
27.00, 34.19
28.00, 34.19
27.00, 34.19
25.00, 34.19
25.00, 34.25
25.00, 34.25
25.00, 34.25
25.00, 34.25
25.00, 34.25
24.00, 34.25
25.00, 34.25
25.00, 34.25
24.00, 34.25
24.00, 34.25
24.00, 34.25
24.00, 34.21
24.00, 34.21
24.00, 34.21
25.00, 34.21
24.00, 34.21
24.00, 34.21
24.00, 34.21
25.00, 34.21
25.00, 34.21
25.00, 34.21
27.00, 34.23
27.00, 34.23
25.00, 34.23
25.00, 34.23
25.00, 34.23
25.00, 34.23
25.00, 34.23
25.00, 34.23
26.00, 34.23
25.00, 34.23
25.00, 34.23
25.00, 34.21
24.00, 34.21
25.00, 34.21
25.00, 34.21
25.00, 34.21
25.00, 34.21
24.00, 34.21
25.00, 34.21
25.00, 34.21
25.00, 34.21
25.00, 34.17
25.00, 34.17
25.00, 34.17
25.00, 34.17
25.00, 34.17
25.00, 34.17
25.00, 34.17
25.00, 34.17
27.00, 34.17
28.00, 34.17
26.00, 34.17
25.00, 34.17
25.00, 34.17
28.00, 34.17
28.00, 34.17
27.00, 34.17
27.00, 34.17
27.00, 34.17
27.00, 34.17
27.00, 34.17
26.00, 34.15
26.00, 34.15
26.00, 34.15
25.00, 34.15
25.00, 34.15
25.00, 34.15
25.00, 34.15
25.00, 34.15
25.00, 34.15
24.00, 34.15
24.00, 34.05
24.00, 34.05
24.00, 34.05
24.00, 34.05
24.00, 34.05
24.00, 34.05
24.00, 34.05
24.00, 34.05
24.00, 34.05
24.00, 34.07
24.00, 34.07
24.00, 34.07
24.00, 34.07
24.00, 34.07
24.00, 34.07
24.00, 34.07
24.00, 34.07
24.00, 34.07
24.00, 34.07
24.00, 34.15
24.00, 34.15
24.00, 34.15
24.00, 34.15
24.00, 34.15
24.00, 34.15
24.00, 34.15
24.00, 34.15
24.00, 34.15
24.00, 34.15
24.00, 34.05
24.00, 34.05
24.00, 34.05
24.00, 34.05
24.00, 34.05
24.00, 34.05
24.00, 34.05
24.00, 34.05
24.00, 34.05
25.00, 34.05
25.00, 34.19
25.00, 34.19
24.00, 34.19
24.00, 34.19
25.00, 34.19
25.00, 34.19
25.00, 34.19
25.00, 34.19
25.00, 34.19
25.00, 34.17
25.00, 34.17
24.00, 34.17
24.00, 34.17
25.00, 34.17
24.00, 34.17
24.00, 34.17
25.00, 34.17
25.00, 34.17
24.00, 34.17
24.00, 34.09
24.00, 34.09
25.00, 34.09
24.00, 34.09
24.00, 34.09
24.00, 34.09
24.00, 34.09
25.00, 34.09
25.00, 34.09
25.00, 34.09
24.00, 34.07
24.00, 34.07
25.00, 34.07
25.00, 34.07
25.00, 34.07
24.00, 34.07
24.00, 34.07
25.00, 34.07
25.00, 34.07
24.00, 34.07
24.00, 34.05
25.00, 34.05
25.00, 34.05
25.00, 34.05
25.00, 34.05
25.00, 34.05
25.00, 34.05
25.00, 34.05
25.00, 34.05
25.00, 34.05
25.00, 34.07
25.00, 34.07
25.00, 34.07
25.00, 34.07
25.00, 34.07
25.00, 34.07
25.00, 34.07
25.00, 34.07
25.00, 34.07
25.00, 34.07
25.00, 34.07
25.00, 34.07
25.00, 34.07
25.00, 34.07
25.00, 34.07
25.00, 34.07
25.00, 34.07
25.00, 34.07
25.00, 34.07
25.00, 34.03
25.00, 34.03
25.00, 34.03
25.00, 34.03
25.00, 34.03
25.00, 34.03
25.00, 34.03
25.00, 34.03
25.00, 34.03
25.00, 34.03
25.00, 34.07
26.00, 34.07
25.00, 34.07
25.00, 34.07
25.00, 34.07
25.00, 34.07
25.00, 34.07
25.00, 34.07
26.00, 34.07
26.00, 34.07
25.00, 34.03
26.00, 34.03
26.00, 34.03
26.00, 34.03
26.00, 34.03
26.00, 34.03
26.00, 34.03
26.00, 34.03
26.00, 34.03
26.00, 34.03
26.00, 34.03
26.00, 34.03
26.00, 34.03
26.00, 34.03
26.00, 34.03
26.00, 34.03
26.00, 34.03
26.00, 34.03
26.00, 34.03
26.00, 34.03
26.00, 34.03
26.00, 34.03
26.00, 34.03
26.00, 34.03
26.00, 34.03
26.00, 34.03
26.00, 34.03
26.00, 34.03
26.00, 34.03
27.00, 33.99
26.00, 33.99
26.00, 33.99
27.00, 33.99
26.00, 33.99
27.00, 33.99
27.00, 33.99
27.00, 33.99
26.00, 33.99
26.00, 33.99
27.00, 33.99
27.00, 33.99
26.00, 33.99
27.00, 33.99
27.00, 33.99
27.00, 33.99
27.00, 33.99
27.00, 33.99
27.00, 33.99
27.00, 33.99
28.00, 33.99
27.00, 33.99
27.00, 33.99
27.00, 33.99
27.00, 33.99
27.00, 33.99
27.00, 33.99
27.00, 33.99
27.00, 33.99
27.00, 33.97
27.00, 33.97
27.00, 33.97
28.00, 33.97
28.00, 33.97
27.00, 33.97
27.00, 33.97
28.00, 33.97
28.00, 33.97
27.00, 33.97
28.00, 34.01
28.00, 34.01
28.00, 34.01
28.00, 34.01
28.00, 34.01
28.00, 34.01
28.00, 34.01
28.00, 34.01
28.00, 34.01
28.00, 34.01
28.00, 34.03
28.00, 34.03
28.00, 34.03
28.00, 34.03
28.00, 34.03
28.00, 34.03
28.00, 34.03
28.00, 34.03
28.00, 34.03
28.00, 33.99
28.00, 33.99
29.00, 33.99
29.00, 33.99
29.00, 33.99
29.00, 33.99
29.00, 33.99
29.00, 33.99
29.00, 33.99
29.00, 33.99
29.00, 34.01
29.00, 34.01
29.00, 34.01
29.00, 34.01
29.00, 34.01
28.00, 34.01
29.00, 34.01
29.00, 34.01
28.00, 34.01
29.00, 34.01
29.00, 34.03
28.00, 34.03
28.00, 34.03
28.00, 34.03
28.00, 34.03
28.00, 34.03
28.00, 34.03
28.00, 34.03
29.00, 34.03
28.00, 34.03
29.00, 34.07
28.00, 34.07
28.00, 34.07
28.00, 34.07
29.00, 34.07
29.00, 34.07
29.00, 34.07
29.00, 34.07
29.00, 34.07
29.00, 34.07
29.00, 34.07
30.00, 34.07
29.00, 34.07
29.00, 34.07
30.00, 34.07
29.00, 34.07
29.00, 34.07
30.00, 34.07
30.00, 34.07
29.00, 33.99
30.00, 33.99
30.00, 33.99
30.00, 33.99
31.00, 33.99
30.00, 33.99
30.00, 33.99
30.00, 33.99
2172.00, 33.99
2179.00, 33.97
2178.00, 34.07
2179.00, 34.03
2178.00, 33.97
32.00, 33.97
31.00, 33.97
31.00, 33.89
31.00, 33.89
31.00, 33.89
31.00, 33.89
31.00, 33.89
30.00, 33.89
31.00, 33.89
30.00, 33.89
31.00, 33.89
31.00, 33.89
31.00, 34.01
32.00, 34.01
31.00, 34.01
31.00, 34.01
31.00, 34.01
32.00, 34.01
32.00, 34.01
31.00, 34.01
31.00, 34.01
31.00, 34.01
32.00, 34.01
32.00, 34.03
31.00, 34.03
31.00, 34.03
32.00, 34.03
32.00, 34.03
32.00, 34.03
31.00, 34.03
31.00, 34.03
31.00, 34.03
31.00, 34.03
31.00, 33.99
31.00, 33.99
31.00, 33.99
32.00, 33.99
31.00, 33.99
31.00, 33.99
31.00, 33.99
31.00, 33.99
31.00, 33.99
31.00, 33.99
31.00, 34.03
31.00, 34.03
31.00, 34.03
31.00, 34.03
31.00, 34.03
31.00, 34.03
31.00, 34.03
31.00, 34.03
31.00, 34.03
31.00, 34.03
31.00, 33.97
31.00, 33.97
31.00, 33.97
31.00, 33.97
31.00, 33.97
31.00, 33.97
31.00, 33.97
32.00, 33.97
32.00, 33.97
31.00, 33.97
32.00, 33.97
31.00, 34.03
32.00, 34.03
31.00, 34.03
32.00, 34.03
33.00, 34.03
31.00, 34.03
31.00, 34.03
31.00, 34.03
32.00, 34.03
30.00, 34.03
30.00, 34.09
30.00, 34.09
33.00, 34.09
30.00, 34.09
30.00, 34.09
31.00, 34.09
30.00, 34.09
31.00, 34.09
30.00, 34.09
30.00, 34.09
32.00, 34.09
31.00, 34.09
31.00, 34.09
30.00, 34.09
30.00, 34.09
30.00, 34.09
30.00, 34.09
30.00, 34.09
30.00, 34.09
30.00, 34.09
30.00, 34.07
31.00, 34.07
31.00, 34.07
30.00, 34.07
30.00, 34.07
31.00, 34.07
31.00, 34.07
30.00, 34.07
30.00, 34.07
31.00, 34.07
30.00, 34.07
30.00, 34.07
30.00, 34.07
31.00, 34.07
30.00, 34.07
30.00, 34.07
31.00, 34.07
30.00, 34.07
30.00, 34.07
30.00, 34.07
30.00, 34.07
31.00, 34.07
31.00, 34.07
30.00, 34.07
30.00, 34.07
30.00, 34.07
31.00, 34.07
30.00, 34.07
30.00, 34.07
31.00, 34.09
31.00, 34.09
30.00, 34.09
30.00, 34.09
30.00, 34.09
30.00, 34.09
30.00, 34.09
30.00, 34.09
30.00, 34.09
30.00, 34.09
30.00, 34.19
30.00, 34.19
30.00, 34.19
31.00, 34.19
30.00, 34.19
30.00, 34.19
31.00, 34.19
30.00, 34.19
30.00, 34.19
31.00, 34.11
31.00, 34.11
31.00, 34.11
31.00, 34.11
31.00, 34.11
31.00, 34.11
31.00, 34.11
31.00, 34.11
31.00, 34.11
31.00, 34.11
31.00, 34.11
31.00, 34.11
31.00, 34.11
31.00, 34.11
31.00, 34.11
31.00, 34.11
31.00, 34.11
31.00, 34.11
31.00, 34.11
31.00, 34.11
31.00, 34.11
31.00, 34.11
31.00, 34.11
31.00, 34.11
31.00, 34.11
31.00, 34.11
31.00, 34.11
31.00, 34.11
31.00, 34.11
31.00, 34.11
31.00, 34.11
31.00, 34.11
31.00, 34.11
31.00, 34.11
32.00, 34.11
32.00, 34.11
31.00, 34.11
31.00, 34.11
32.00, 34.11
31.00, 34.09
31.00, 34.09
32.00, 34.09
31.00, 34.09
31.00, 34.09
31.00, 34.09
31.00, 34.09
31.00, 34.09
31.00, 34.09
31.00, 34.09
31.00, 34.19
31.00, 34.19
31.00, 34.19
31.00, 34.19
31.00, 34.19
31.00, 34.19
31.00, 34.19
31.00, 34.19
31.00, 34.19
31.00, 34.19
32.00, 34.13
31.00, 34.13
32.00, 34.13
31.00, 34.13
32.00, 34.13
31.00, 34.13
31.00, 34.13
32.00, 34.13
32.00, 34.13
31.00, 34.13
32.00, 34.11
32.00, 34.11
32.00, 34.11
32.00, 34.11
32.00, 34.11
32.00, 34.11
32.00, 34.11
32.00, 34.11
32.00, 34.11
32.00, 34.11
33.00, 34.13
32.00, 34.13
32.00, 34.13
33.00, 34.13
33.00, 34.13
33.00, 34.13
32.00, 34.13
33.00, 34.13
33.00, 34.13
33.00, 34.11
33.00, 34.11
34.00, 34.11
34.00, 34.11
35.00, 34.11
35.00, 34.11
2171.00, 34.03
37.00, 34.03
35.00, 34.03
35.00, 34.03
35.00, 34.03
35.00, 34.07
35.00, 34.07
35.00, 34.07
35.00, 34.07
35.00, 34.07
35.00, 34.07
35.00, 34.07
35.00, 34.07
36.00, 34.07
35.00, 34.07
35.00, 34.11
35.00, 34.11
35.00, 34.11
35.00, 34.11
35.00, 34.11
35.00, 34.11
34.00, 34.11
34.00, 34.11
34.00, 34.11
35.00, 34.11
34.00, 34.13
34.00, 34.13
34.00, 34.13
34.00, 34.13
34.00, 34.13
35.00, 34.13
34.00, 34.13
35.00, 34.13
34.00, 34.13
35.00, 34.13
34.00, 34.13
35.00, 34.11
35.00, 34.11
35.00, 34.11
34.00, 34.11
34.00, 34.11
35.00, 34.11
35.00, 34.11
34.00, 34.11
34.00, 34.11
35.00, 34.11
34.00, 34.09
34.00, 34.09
35.00, 34.09
34.00, 34.09
35.00, 34.09
34.00, 34.09
35.00, 34.09
34.00, 34.09
35.00, 34.09
35.00, 34.09
34.00, 34.03
34.00, 34.03
34.00, 34.03
35.00, 34.03
35.00, 34.03
35.00, 34.03
35.00, 34.03
35.00, 34.03
35.00, 34.03
36.00, 34.03
36.00, 34.07
36.00, 34.07
36.00, 34.07
36.00, 34.07
36.00, 34.07
36.00, 34.07
36.00, 34.07
35.00, 34.07
36.00, 34.07
36.00, 34.07
33.00, 34.09
33.00, 34.09
33.00, 34.09
33.00, 34.09
33.00, 34.09
33.00, 34.09
33.00, 34.09
33.00, 34.09
33.00, 34.09
33.00, 34.09
32.00, 34.03
33.00, 34.03
32.00, 34.03
32.00, 34.03
32.00, 34.03
32.00, 34.03
33.00, 34.03
33.00, 34.03
32.00, 34.03
33.00, 34.03
32.00, 34.09
32.00, 34.09
32.00, 34.09
32.00, 34.09
32.00, 34.09
32.00, 34.09
33.00, 34.09
32.00, 34.09
33.00, 34.09
33.00, 34.09
33.00, 34.07
33.00, 34.07
33.00, 34.07
33.00, 34.07
33.00, 34.07
33.00, 34.07
32.00, 34.07
33.00, 34.07
33.00, 34.07
32.00, 34.07
32.00, 34.03
33.00, 34.03
32.00, 34.03
32.00, 34.03
33.00, 34.03
33.00, 34.03
33.00, 34.03
33.00, 34.03
33.00, 34.03
33.00, 34.03
33.00, 33.99
33.00, 33.99
33.00, 33.99
33.00, 33.99
33.00, 33.99
33.00, 33.99
33.00, 33.99
33.00, 33.99
33.00, 33.99
33.00, 33.99
33.00, 34.01
33.00, 34.01
33.00, 34.01
33.00, 34.01
33.00, 34.01
33.00, 34.01
33.00, 34.01
34.00, 34.01
33.00, 34.01
33.00, 34.01
33.00, 34.01
33.00, 34.01
33.00, 34.01
33.00, 34.01
34.00, 34.01
33.00, 34.01
33.00, 34.01
33.00, 34.01
33.00, 34.01
34.00, 34.05
33.00, 34.05
34.00, 34.05
34.00, 34.05
33.00, 34.05
33.00, 34.05
34.00, 34.05
34.00, 34.05
33.00, 34.05
33.00, 34.05
34.00, 34.09
33.00, 34.09
34.00, 34.09
34.00, 34.09
33.00, 34.09
34.00, 34.09
34.00, 34.09
34.00, 34.09
34.00, 34.09
34.00, 34.09
34.00, 34.09
34.00, 34.09
35.00, 34.09
34.00, 34.09
34.00, 34.09
35.00, 34.09
35.00, 34.09
35.00, 34.09
35.00, 34.09
35.00, 34.01
35.00, 34.01
35.00, 34.01
35.00, 34.01
35.00, 34.01
35.00, 34.01
35.00, 34.01
35.00, 34.01
36.00, 34.01
35.00, 34.01
36.00, 34.01
36.00, 34.01
35.00, 34.01
35.00, 34.01
35.00, 34.01
36.00, 34.01
35.00, 34.01
35.00, 34.01
36.00, 34.01
35.00, 34.01
35.00, 34.03
35.00, 34.03
35.00, 34.03
35.00, 34.03
35.00, 34.03
36.00, 34.03
35.00, 34.03
35.00, 34.03
36.00, 34.03
35.00, 34.03
35.00, 34.03
35.00, 34.03
35.00, 34.03
35.00, 34.03
36.00, 34.03
36.00, 34.03
35.00, 34.03
36.00, 34.03
35.00, 34.03
35.00, 34.07
35.00, 34.07
36.00, 34.07
36.00, 34.07
35.00, 34.07
35.00, 34.07
36.00, 34.07
35.00, 34.07
35.00, 34.07
36.00, 34.07
36.00, 34.11
35.00, 34.11
35.00, 34.11
36.00, 34.11
36.00, 34.11
35.00, 34.11
35.00, 34.11
35.00, 34.11
35.00, 34.11
35.00, 34.11
35.00, 34.05
35.00, 34.05
35.00, 34.05
35.00, 34.05
36.00, 34.05
35.00, 34.05
36.00, 34.05
36.00, 34.05
36.00, 34.05
35.00, 34.05
36.00, 33.99
36.00, 33.99
36.00, 33.99
36.00, 33.99
36.00, 33.99
36.00, 33.99
36.00, 33.99
36.00, 33.99
36.00, 33.99
36.00, 33.99
36.00, 33.99
36.00, 33.99
36.00, 33.99
36.00, 33.99
36.00, 33.99
36.00, 33.99
36.00, 33.99
36.00, 33.99
36.00, 33.99
36.00, 34.01
36.00, 34.01
36.00, 34.01
36.00, 34.01
36.00, 34.01
36.00, 34.01
36.00, 34.01
36.00, 34.01
37.00, 34.01
37.00, 34.01
36.00, 34.01
36.00, 34.01
36.00, 34.01
36.00, 34.01
36.00, 34.01
36.00, 34.01
37.00, 34.01
36.00, 34.01
36.00, 34.01
37.00, 34.01
36.00, 34.01
36.00, 34.01
36.00, 34.01
37.00, 34.01
36.00, 34.01
36.00, 34.01
37.00, 34.01
36.00, 34.01
37.00, 34.01
36.00, 34.01
36.00, 34.01
36.00, 34.01
37.00, 34.01
37.00, 34.01
36.00, 34.01
37.00, 34.01
37.00, 34.01
37.00, 34.01
37.00, 34.01
36.00, 34.03
37.00, 34.03
37.00, 34.03
37.00, 34.03
37.00, 34.03
37.00, 34.03
37.00, 34.03
37.00, 34.03
37.00, 34.03
37.00, 34.03
38.00, 34.03
38.00, 34.03
37.00, 34.03
37.00, 34.03
38.00, 34.03
37.00, 34.03
37.00, 34.03
37.00, 34.03
37.00, 34.03
37.00, 34.03
37.00, 33.99
37.00, 33.99
38.00, 33.99
37.00, 33.99
38.00, 33.99
37.00, 33.99
37.00, 33.99
37.00, 33.99
37.00, 33.99
37.00, 33.99
37.00, 33.99
37.00, 33.99
37.00, 33.99
38.00, 33.99
38.00, 33.99
37.00, 33.99
38.00, 33.99
37.00, 33.99
38.00, 33.99
38.00, 33.97
38.00, 33.97
38.00, 33.97
38.00, 33.97
38.00, 33.97
38.00, 33.97
38.00, 33.97
38.00, 33.97
39.00, 33.97
38.00, 33.97
38.00, 34.01
38.00, 34.01
38.00, 34.01
38.00, 34.01
39.00, 34.01
39.00, 34.01
39.00, 34.01
39.00, 34.01
39.00, 34.01
39.00, 34.01
39.00, 33.99
39.00, 33.99
39.00, 33.99
39.00, 33.99
39.00, 33.99
39.00, 33.99
39.00, 33.99
39.00, 33.99
39.00, 33.99
39.00, 34.01
39.00, 34.01
39.00, 34.01
39.00, 34.01
39.00, 34.01
38.00, 34.01
39.00, 34.01
39.00, 34.01
39.00, 34.01
39.00, 34.01
39.00, 33.97
39.00, 33.97
39.00, 33.97
40.00, 33.97
39.00, 33.97
39.00, 33.97
39.00, 33.97
39.00, 33.97
39.00, 33.97
39.00, 33.97
39.00, 34.05
39.00, 34.05
39.00, 34.05
39.00, 34.05
38.00, 34.05
39.00, 34.05
39.00, 34.05
39.00, 34.05
39.00, 34.05
39.00, 34.05
39.00, 34.03
39.00, 34.03
39.00, 34.03
39.00, 34.03
39.00, 34.03
39.00, 34.03
39.00, 34.03
39.00, 34.03
39.00, 34.03
39.00, 34.03
39.00, 34.03
38.00, 34.03
39.00, 34.03
39.00, 34.03
38.00, 34.03
38.00, 34.03
38.00, 34.03
39.00, 34.03
39.00, 34.03
38.00, 33.95
38.00, 33.95
39.00, 33.95
39.00, 33.95
39.00, 33.95
39.00, 33.95
38.00, 33.95
39.00, 33.95
39.00, 33.95
39.00, 33.95
39.00, 33.95
39.00, 33.95
39.00, 33.95
38.00, 33.95
39.00, 33.95
39.00, 33.95
38.00, 33.95
38.00, 33.95
38.00, 33.95
39.00, 33.95
39.00, 33.97
38.00, 33.97
38.00, 33.97
38.00, 33.97
38.00, 33.97
39.00, 33.97
39.00, 33.97
39.00, 33.97
39.00, 33.97
38.00, 34.01
39.00, 34.01
39.00, 34.01
39.00, 34.01
39.00, 34.01
39.00, 34.01
39.00, 34.01
39.00, 34.01
39.00, 34.01
39.00, 34.01
39.00, 34.03
39.00, 34.03
39.00, 34.03
39.00, 34.03
39.00, 34.03
39.00, 34.03
39.00, 34.03
39.00, 34.03
39.00, 34.03
39.00, 34.03
39.00, 34.03
39.00, 34.03
39.00, 34.03
39.00, 34.03
39.00, 34.03
39.00, 34.03
39.00, 34.03
39.00, 34.03
39.00, 34.03
40.00, 34.03
40.00, 33.97
39.00, 33.97
39.00, 33.97
39.00, 33.97
39.00, 33.97
39.00, 33.97
40.00, 33.97
39.00, 33.97
39.00, 33.97
40.00, 34.01
39.00, 34.01
39.00, 34.01
39.00, 34.01
39.00, 34.01
39.00, 34.01
39.00, 34.01
39.00, 34.01
39.00, 34.01
39.00, 34.01
39.00, 33.99
40.00, 33.99
39.00, 33.99
39.00, 33.99
39.00, 33.99
40.00, 33.99
40.00, 33.99
40.00, 33.99
40.00, 33.99
40.00, 33.99
40.00, 33.99
40.00, 33.99
40.00, 33.99
39.00, 33.99
39.00, 33.99
39.00, 33.99
40.00, 33.99
39.00, 33.99
39.00, 33.99
39.00, 33.99
39.00, 33.99
40.00, 33.99
40.00, 33.99
40.00, 33.99
39.00, 33.99
39.00, 33.99
40.00, 33.99
40.00, 33.99
40.00, 33.99
40.00, 33.95
40.00, 33.95
40.00, 33.95
40.00, 33.95
40.00, 33.95
40.00, 33.95
40.00, 33.95
40.00, 33.95
40.00, 33.95
40.00, 33.95
40.00, 33.95
40.00, 33.95
40.00, 33.95
40.00, 33.95
40.00, 33.95
40.00, 33.95
40.00, 33.95
40.00, 33.95
40.00, 33.95
40.00, 33.95
40.00, 33.93
41.00, 33.93
40.00, 33.93
40.00, 33.93
40.00, 33.93
40.00, 33.93
41.00, 33.93
40.00, 33.93
41.00, 33.93
41.00, 33.97
40.00, 33.97
40.00, 33.97
41.00, 33.97
41.00, 33.97
41.00, 33.97
42.00, 33.97
41.00, 33.97
41.00, 33.97
45.00, 33.97
45.00, 33.95
45.00, 33.95
45.00, 33.95
44.00, 33.95
44.00, 33.95
45.00, 33.95
45.00, 33.95
45.00, 33.95
45.00, 33.95
44.00, 33.95
44.00, 33.97
45.00, 33.97
45.00, 33.97
44.00, 33.97
44.00, 33.97
45.00, 33.97
44.00, 33.97
44.00, 33.97
44.00, 33.97
44.00, 33.97
44.00, 33.97
44.00, 33.97
44.00, 33.97
44.00, 33.97
43.00, 33.97
43.00, 33.97
43.00, 33.97
43.00, 33.97
43.00, 33.97
44.00, 33.91
44.00, 33.91
43.00, 33.91
43.00, 33.91
43.00, 33.91
43.00, 33.91
43.00, 33.91
43.00, 33.91
43.00, 33.91
44.00, 33.91
44.00, 33.95
43.00, 33.95
44.00, 33.95
43.00, 33.95
44.00, 33.95
44.00, 33.95
44.00, 33.95
44.00, 33.95
44.00, 33.95
44.00, 33.95
44.00, 33.87
44.00, 33.87
44.00, 33.87
44.00, 33.87
44.00, 33.87
45.00, 33.87
44.00, 33.87
44.00, 33.87
44.00, 33.87
44.00, 33.91
45.00, 33.91
45.00, 33.91
44.00, 33.91
44.00, 33.91
44.00, 33.91
44.00, 33.91
44.00, 33.91
45.00, 33.91
44.00, 33.91
44.00, 33.91
44.00, 33.91
45.00, 33.91
44.00, 33.91
44.00, 33.91
45.00, 33.91
44.00, 33.91
44.00, 33.91
45.00, 33.91
45.00, 33.91
45.00, 33.99
45.00, 33.99
45.00, 33.99
45.00, 33.99
45.00, 33.99
45.00, 33.99
45.00, 33.99
45.00, 33.99
45.00, 33.99
45.00, 33.97
45.00, 33.97
45.00, 33.97
45.00, 33.97
45.00, 33.97
45.00, 33.97
45.00, 33.97
45.00, 33.97
45.00, 33.97
45.00, 33.97
45.00, 33.93
45.00, 33.93
45.00, 33.93
45.00, 33.93
45.00, 33.93
45.00, 33.93
45.00, 33.93
45.00, 33.93
46.00, 33.93
46.00, 33.93
45.00, 33.91
45.00, 33.91
45.00, 33.91
45.00, 33.91
45.00, 33.91
44.00, 33.91
44.00, 33.91
45.00, 33.91
43.00, 33.91
43.00, 33.93
43.00, 33.93
43.00, 33.93
43.00, 33.93
43.00, 33.93
44.00, 33.93
43.00, 33.93
43.00, 33.93
43.00, 33.93
43.00, 33.93
44.00, 33.89
44.00, 33.89
43.00, 33.89
43.00, 33.89
43.00, 33.89
44.00, 33.89
43.00, 33.89
43.00, 33.89
43.00, 33.89
43.00, 33.89
44.00, 33.93
44.00, 33.93
44.00, 33.93
43.00, 33.93
43.00, 33.93
44.00, 33.93
43.00, 33.93
43.00, 33.93
45.00, 33.93
43.00, 33.95
44.00, 33.95
43.00, 33.95
44.00, 33.95
44.00, 33.95
44.00, 33.95
43.00, 33.95
43.00, 33.95
43.00, 33.95
44.00, 33.95
43.00, 33.97
43.00, 33.97
43.00, 33.97
43.00, 33.97
43.00, 33.97
43.00, 33.97
44.00, 33.97
45.00, 33.97
44.00, 33.97
44.00, 33.97
45.00, 33.93
44.00, 33.93
45.00, 33.93
45.00, 33.93
45.00, 33.93
45.00, 33.93
45.00, 33.93
45.00, 33.93
45.00, 33.93
45.00, 33.95
45.00, 33.95
45.00, 33.95
45.00, 33.95
45.00, 33.95
45.00, 33.95
45.00, 33.95
46.00, 33.95
45.00, 33.95
46.00, 33.95
45.00, 33.91
45.00, 33.91
45.00, 33.91
46.00, 33.91
45.00, 33.91
46.00, 33.91
45.00, 33.91
46.00, 33.91
46.00, 33.91
46.00, 33.91
46.00, 33.95
46.00, 33.95
46.00, 33.95
46.00, 33.95
46.00, 33.95
46.00, 33.95
47.00, 33.95
46.00, 33.95
46.00, 33.95
47.00, 33.95
46.00, 33.95
46.00, 33.95
47.00, 33.95
46.00, 33.95
46.00, 33.95
46.00, 33.95
46.00, 33.95
46.00, 33.95
46.00, 33.95
46.00, 33.87
46.00, 33.87
46.00, 33.87
46.00, 33.87
47.00, 33.87
47.00, 33.87
47.00, 33.87
47.00, 33.87
47.00, 33.87
47.00, 33.93
47.00, 33.93
47.00, 33.93
47.00, 33.93
47.00, 33.93
47.00, 33.93
47.00, 33.93
47.00, 33.93
47.00, 33.93
47.00, 33.93
47.00, 33.95
47.00, 33.95
47.00, 33.95
47.00, 33.95
47.00, 33.95
47.00, 33.95
47.00, 33.95
47.00, 33.95
47.00, 33.95
47.00, 33.95
47.00, 33.89
47.00, 33.89
47.00, 33.89
47.00, 33.89
47.00, 33.89
47.00, 33.89
47.00, 33.89
47.00, 33.89
47.00, 33.89
47.00, 33.91
47.00, 33.91
47.00, 33.91
48.00, 33.91
47.00, 33.91
48.00, 33.91
48.00, 33.91
48.00, 33.91
49.00, 33.91
47.00, 33.91
48.00, 33.85
49.00, 33.85
48.00, 33.85
48.00, 33.85
48.00, 33.85
48.00, 33.85
48.00, 33.85
48.00, 33.85
48.00, 33.85
47.00, 33.93
47.00, 33.93
47.00, 33.93
48.00, 33.93
48.00, 33.93
47.00, 33.93
47.00, 33.93
46.00, 33.93
47.00, 33.93
47.00, 33.93
47.00, 33.95
46.00, 33.95
46.00, 33.95
46.00, 33.95
46.00, 33.95
46.00, 33.95
46.00, 33.95
46.00, 33.95
46.00, 33.95
46.00, 33.93
46.00, 33.93
46.00, 33.93
47.00, 33.93
47.00, 33.93
46.00, 33.93
46.00, 33.93
46.00, 33.93
46.00, 33.93
46.00, 33.93
47.00, 33.89
46.00, 33.89
46.00, 33.89
47.00, 33.89
47.00, 33.89
46.00, 33.89
47.00, 33.89
47.00, 33.89
46.00, 33.89
47.00, 33.89
46.00, 33.93
47.00, 33.93
46.00, 33.93
46.00, 33.93
46.00, 33.93
47.00, 33.93
47.00, 33.93
46.00, 33.93
46.00, 33.93
46.00, 33.97
46.00, 33.97
47.00, 33.97
46.00, 33.97
46.00, 33.97
46.00, 33.97
46.00, 33.97
47.00, 33.97
46.00, 33.97
47.00, 33.97
46.00, 33.99
46.00, 33.99
47.00, 33.99
46.00, 33.99
46.00, 33.99
46.00, 33.99
46.00, 33.99
47.00, 33.99
46.00, 33.99
46.00, 33.93
47.00, 33.93
47.00, 33.93
46.00, 33.93
46.00, 33.93
46.00, 33.93
47.00, 33.93
47.00, 33.93
46.00, 33.93
47.00, 33.93
46.00, 33.97
47.00, 33.97
46.00, 33.97
46.00, 33.97
46.00, 33.97
47.00, 33.97
46.00, 33.97
46.00, 33.97
47.00, 33.97
47.00, 33.97
46.00, 33.93
47.00, 33.93
47.00, 33.93
47.00, 33.93
46.00, 33.93
46.00, 33.93
46.00, 33.93
47.00, 33.93
46.00, 33.93
47.00, 33.95
46.00, 33.95
46.00, 33.95
47.00, 33.95
46.00, 33.95
47.00, 33.95
46.00, 33.95
46.00, 33.95
47.00, 33.95
47.00, 33.95
47.00, 33.91
47.00, 33.91
47.00, 33.91
47.00, 33.91
48.00, 33.91
47.00, 33.91
47.00, 33.91
47.00, 33.91
47.00, 33.91
47.00, 33.85
47.00, 33.85
47.00, 33.85
47.00, 33.85
47.00, 33.85
47.00, 33.85
47.00, 33.85
47.00, 33.85
47.00, 33.85
47.00, 33.85
47.00, 33.89
47.00, 33.89
48.00, 33.89
47.00, 33.89
48.00, 33.89
47.00, 33.89
47.00, 33.89
47.00, 33.89
47.00, 33.89
47.00, 33.89
48.00, 33.93
47.00, 33.93
47.00, 33.93
48.00, 33.93
47.00, 33.93
48.00, 33.93
48.00, 33.93
47.00, 33.93
48.00, 33.93
47.00, 33.87
48.00, 33.87
47.00, 33.87
47.00, 33.87
48.00, 33.87
48.00, 33.87
47.00, 33.87
48.00, 33.87
47.00, 33.87
47.00, 33.87
47.00, 33.91
48.00, 33.91
48.00, 33.91
47.00, 33.91
48.00, 33.91
48.00, 33.91
49.00, 33.91
48.00, 33.91
48.00, 33.91
48.00, 33.85
48.00, 33.85
48.00, 33.85
48.00, 33.85
48.00, 33.85
49.00, 33.85
48.00, 33.85
49.00, 33.85
48.00, 33.85
48.00, 33.85
48.00, 33.87
48.00, 33.87
48.00, 33.87
48.00, 33.87
48.00, 33.87
48.00, 33.87
48.00, 33.87
48.00, 33.87
49.00, 33.87
49.00, 33.81
48.00, 33.81
49.00, 33.81
48.00, 33.81
49.00, 33.81
48.00, 33.81
48.00, 33.81
48.00, 33.81
49.00, 33.81
49.00, 33.81
49.00, 33.83
49.00, 33.83
49.00, 33.83
50.00, 33.83
49.00, 33.83
49.00, 33.83
49.00, 33.83
49.00, 33.83
49.00, 33.83
49.00, 33.85
49.00, 33.85
50.00, 33.85
49.00, 33.85
50.00, 33.85
49.00, 33.85
50.00, 33.85
49.00, 33.85
50.00, 33.85
51.00, 33.85
50.00, 33.81
50.00, 33.81
50.00, 33.81
50.00, 33.81
50.00, 33.81
50.00, 33.81
51.00, 33.81
51.00, 33.81
50.00, 33.81
51.00, 33.83
51.00, 33.83
50.00, 33.83
50.00, 33.83
51.00, 33.83
51.00, 33.83
51.00, 33.83
50.00, 33.83
51.00, 33.83
50.00, 33.83
52.00, 33.83
51.00, 33.83
51.00, 33.83
51.00, 33.83
51.00, 33.83
51.00, 33.83
51.00, 33.83
51.00, 33.83
51.00, 33.83
51.00, 33.89
51.00, 33.89
51.00, 33.89
51.00, 33.89
51.00, 33.89
51.00, 33.89
51.00, 33.89
52.00, 33.89
51.00, 33.89
51.00, 33.89
51.00, 33.81
52.00, 33.81
52.00, 33.81
52.00, 33.81
52.00, 33.81
52.00, 33.81
52.00, 33.81
52.00, 33.81
52.00, 33.81
52.00, 33.75
52.00, 33.75
52.00, 33.75
52.00, 33.75
52.00, 33.75
52.00, 33.75
52.00, 33.75
53.00, 33.75
52.00, 33.75
52.00, 33.81
52.00, 33.81
53.00, 33.81
52.00, 33.81
52.00, 33.81
53.00, 33.81
53.00, 33.81
52.00, 33.81
53.00, 33.81
53.00, 33.81
52.00, 33.75
51.00, 33.75
52.00, 33.75
52.00, 33.75
52.00, 33.75
51.00, 33.75
53.00, 33.75
53.00, 33.75
53.00, 33.75
52.00, 33.83
53.00, 33.83
52.00, 33.83
52.00, 33.83
52.00, 33.83
52.00, 33.83
52.00, 33.83
52.00, 33.83
53.00, 33.83
52.00, 33.81
52.00, 33.81
52.00, 33.81
53.00, 33.81
52.00, 33.81
52.00, 33.81
52.00, 33.81
52.00, 33.81
52.00, 33.81
52.00, 33.81
52.00, 33.83
53.00, 33.83
52.00, 33.83
53.00, 33.83
52.00, 33.83
52.00, 33.83
52.00, 33.83
52.00, 33.83
53.00, 33.83
51.00, 33.81
51.00, 33.81
52.00, 33.81
52.00, 33.81
51.00, 33.81
52.00, 33.81
51.00, 33.81
51.00, 33.81
51.00, 33.81
51.00, 33.81
51.00, 33.71
51.00, 33.71
52.00, 33.71
51.00, 33.71
51.00, 33.71
52.00, 33.71
52.00, 33.71
52.00, 33.71
51.00, 33.71
52.00, 33.75
52.00, 33.75
52.00, 33.75
53.00, 33.75
51.00, 33.75
51.00, 33.75
51.00, 33.75
53.00, 33.75
52.00, 33.75
51.00, 33.79
52.00, 33.79
51.00, 33.79
52.00, 33.79
52.00, 33.79
52.00, 33.79
52.00, 33.79
52.00, 33.79
52.00, 33.79
52.00, 33.79
52.00, 33.83
52.00, 33.83
52.00, 33.83
52.00, 33.83
53.00, 33.83
52.00, 33.83
53.00, 33.83
53.00, 33.83
53.00, 33.83
52.00, 33.75
52.00, 33.75
52.00, 33.75
52.00, 33.75
53.00, 33.75
52.00, 33.75
52.00, 33.75
52.00, 33.75
53.00, 33.75
52.00, 33.75
53.00, 33.77
52.00, 33.77
53.00, 33.77
53.00, 33.77
53.00, 33.77
53.00, 33.77
53.00, 33.77
53.00, 33.77
53.00, 33.77
53.00, 33.79
53.00, 33.79
53.00, 33.79
53.00, 33.79
53.00, 33.79
54.00, 33.79
53.00, 33.79
54.00, 33.79
53.00, 33.79
53.00, 33.79
53.00, 33.79
54.00, 33.79
53.00, 33.79
54.00, 33.79
54.00, 33.79
53.00, 33.79
54.00, 33.79
53.00, 33.79
53.00, 33.79
54.00, 33.75
54.00, 33.75
54.00, 33.75
54.00, 33.75
54.00, 33.75
54.00, 33.75
54.00, 33.75
54.00, 33.75
54.00, 33.75
55.00, 33.73
54.00, 33.73
54.00, 33.73
55.00, 33.73
54.00, 33.73
54.00, 33.73
54.00, 33.73
54.00, 33.73
54.00, 33.73
54.00, 33.73
54.00, 33.73
54.00, 33.73
54.00, 33.73
55.00, 33.73
56.00, 33.73
55.00, 33.73
55.00, 33.73
55.00, 33.73
55.00, 33.73
55.00, 33.79
55.00, 33.79
55.00, 33.79
55.00, 33.79
55.00, 33.79
55.00, 33.79
55.00, 33.79
55.00, 33.79
55.00, 33.79
56.00, 33.69
55.00, 33.69
55.00, 33.69
56.00, 33.69
56.00, 33.69
56.00, 33.69
56.00, 33.69
56.00, 33.69
55.00, 33.69
56.00, 33.75
56.00, 33.75
56.00, 33.75
56.00, 33.75
56.00, 33.75
56.00, 33.75
55.00, 33.75
55.00, 33.75
55.00, 33.75
56.00, 33.77
55.00, 33.77
55.00, 33.77
55.00, 33.77
56.00, 33.77
56.00, 33.77
56.00, 33.77
57.00, 33.77
56.00, 33.77
56.00, 33.77
56.00, 33.67
56.00, 33.67
56.00, 33.67
57.00, 33.67
56.00, 33.67
56.00, 33.67
57.00, 33.67
57.00, 33.67
56.00, 33.67
56.00, 33.75
57.00, 33.75
56.00, 33.75
56.00, 33.75
56.00, 33.75
57.00, 33.75
56.00, 33.75
57.00, 33.75
57.00, 33.75
57.00, 33.69
57.00, 33.69
57.00, 33.69
58.00, 33.69
57.00, 33.69
58.00, 33.69
58.00, 33.69
57.00, 33.69
58.00, 33.69
57.00, 33.69
57.00, 33.69
57.00, 33.69
57.00, 33.69
57.00, 33.69
57.00, 33.69
57.00, 33.69
58.00, 33.69
57.00, 33.69
57.00, 33.71
57.00, 33.71
58.00, 33.71
58.00, 33.71
57.00, 33.71
58.00, 33.71
58.00, 33.71
57.00, 33.71
58.00, 33.71
58.00, 33.71
58.00, 33.69
58.00, 33.69
58.00, 33.69
58.00, 33.69
58.00, 33.69
58.00, 33.69
58.00, 33.69
58.00, 33.69
57.00, 33.69
58.00, 33.71
57.00, 33.71
57.00, 33.71
57.00, 33.71
57.00, 33.71
58.00, 33.71
58.00, 33.71
58.00, 33.71
58.00, 33.71
58.00, 33.69
57.00, 33.69
57.00, 33.69
57.00, 33.69
57.00, 33.69
58.00, 33.69
58.00, 33.69
57.00, 33.69
57.00, 33.69
58.00, 33.71
58.00, 33.71
58.00, 33.71
58.00, 33.71
58.00, 33.71
57.00, 33.71
57.00, 33.71
57.00, 33.71
57.00, 33.71
57.00, 33.69
57.00, 33.69
57.00, 33.69
58.00, 33.69
57.00, 33.69
57.00, 33.69
58.00, 33.69
58.00, 33.69
57.00, 33.69
58.00, 33.69
57.00, 33.63
57.00, 33.63
58.00, 33.63
58.00, 33.63
57.00, 33.63
57.00, 33.63
58.00, 33.63
57.00, 33.63
58.00, 33.63
57.00, 33.61
57.00, 33.61
58.00, 33.61
58.00, 33.61
58.00, 33.61
58.00, 33.61
58.00, 33.61
58.00, 33.61
57.00, 33.61
58.00, 33.65
58.00, 33.65
58.00, 33.65
57.00, 33.65
57.00, 33.65
57.00, 33.65
57.00, 33.65
57.00, 33.65
57.00, 33.65
57.00, 33.59
56.00, 33.59
56.00, 33.59
57.00, 33.59
57.00, 33.59
57.00, 33.59
63.00, 33.59
68.00, 33.59
61.00, 33.59
55.00, 33.65
55.00, 33.65
56.00, 33.65
55.00, 33.65
55.00, 33.65
55.00, 33.65
55.00, 33.65
56.00, 33.65
56.00, 33.65
56.00, 33.65
56.00, 33.57
56.00, 33.57
56.00, 33.57
56.00, 33.57
56.00, 33.57
56.00, 33.57
56.00, 33.57
56.00, 33.57
57.00, 33.57
57.00, 33.53
56.00, 33.53
57.00, 33.53
56.00, 33.53
56.00, 33.53
56.00, 33.53
57.00, 33.53
57.00, 33.53
57.00, 33.53
58.00, 33.53
57.00, 33.53
57.00, 33.53
57.00, 33.53
57.00, 33.53
65.00, 33.53
65.00, 33.53
65.00, 33.53
63.00, 33.53
63.00, 33.49
58.00, 33.49
58.00, 33.49
58.00, 33.49
58.00, 33.49
57.00, 33.49
58.00, 33.49
57.00, 33.49
57.00, 33.49
57.00, 33.31
58.00, 33.31
58.00, 33.31
57.00, 33.31
58.00, 33.31
58.00, 33.31
58.00, 33.31
58.00, 33.31
57.00, 33.31
58.00, 33.31
58.00, 33.27
57.00, 33.27
57.00, 33.27
58.00, 33.27
57.00, 33.27
57.00, 33.27
58.00, 33.27
58.00, 33.27
58.00, 33.27
57.00, 33.29
57.00, 33.29
58.00, 33.29
58.00, 33.29
58.00, 33.29
58.00, 33.29
58.00, 33.29
58.00, 33.29
57.00, 33.29
58.00, 33.25
58.00, 33.25
58.00, 33.25
58.00, 33.25
57.00, 33.25
59.00, 33.25
59.00, 33.25
58.00, 33.25
58.00, 33.25
58.00, 33.07
59.00, 33.07
58.00, 33.07
58.00, 33.07
58.00, 33.07
59.00, 33.07
58.00, 33.07
59.00, 33.07
58.00, 33.07
58.00, 33.03
58.00, 33.03
58.00, 33.03
58.00, 33.03
58.00, 33.03
59.00, 33.03
59.00, 33.03
59.00, 33.03
58.00, 33.03
59.00, 32.85
58.00, 32.85
58.00, 32.85
60.00, 32.85
58.00, 32.85
58.00, 32.85
58.00, 32.85
59.00, 32.85
59.00, 32.85
58.00, 32.85
58.00, 32.79
59.00, 32.79
58.00, 32.79
58.00, 32.79
58.00, 32.79
58.00, 32.79
58.00, 32.79
58.00, 32.79
59.00, 32.79
58.00, 32.77
58.00, 32.77
58.00, 32.77
59.00, 32.77
59.00, 32.77
59.00, 32.77
59.00, 32.77
58.00, 32.77
59.00, 32.77
59.00, 32.69
59.00, 32.69
59.00, 32.69
58.00, 32.69
59.00, 32.69
59.00, 32.69
59.00, 32.69
60.00, 32.69
60.00, 32.69
60.00, 32.47
58.00, 32.47
59.00, 32.47
59.00, 32.47
59.00, 32.47
60.00, 32.47
59.00, 32.47
60.00, 32.47
59.00, 32.47
60.00, 32.23
60.00, 32.23
59.00, 32.23
59.00, 32.23
60.00, 32.23
60.00, 32.23
59.00, 32.23
60.00, 32.23
59.00, 32.23
59.00, 32.21
59.00, 32.21
60.00, 32.21
60.00, 32.21
60.00, 32.21
60.00, 32.21
60.00, 32.21
60.00, 32.21
60.00, 32.21
60.00, 32.05
60.00, 32.05
60.00, 32.05
60.00, 32.05
60.00, 32.05
60.00, 32.05
60.00, 32.05
61.00, 32.05
61.00, 32.05
61.00, 31.91
61.00, 31.91
61.00, 31.91
61.00, 31.91
61.00, 31.91
61.00, 31.91
61.00, 31.91
61.00, 31.91
62.00, 31.91
61.00, 31.91
61.00, 31.43
62.00, 31.43
61.00, 31.43
61.00, 31.43
61.00, 31.43
61.00, 31.43
61.00, 31.43
62.00, 31.43
62.00, 31.43
61.00, 30.85
62.00, 30.85
61.00, 30.85
61.00, 30.85
61.00, 30.85
61.00, 30.85
62.00, 30.85
62.00, 30.85
62.00, 30.85
63.00, 30.27
63.00, 30.27
62.00, 30.27
62.00, 30.27
62.00, 30.27
63.00, 30.27
66.00, 30.27
63.00, 30.27
63.00, 30.27
63.00, 29.79
63.00, 29.79
62.00, 29.79
62.00, 29.79
62.00, 29.79
62.00, 29.79
63.00, 29.79
62.00, 29.79
63.00, 29.79
64.00, 29.61
64.00, 29.61
64.00, 29.61
62.00, 29.61
62.00, 29.61
62.00, 29.61
62.00, 29.61
62.00, 29.61
63.00, 29.61
67.00, 29.23
67.00, 29.23
64.00, 29.23
63.00, 29.23
62.00, 29.23
63.00, 29.23
64.00, 29.23
64.00, 29.23
64.00, 29.23
64.00, 28.83
64.00, 28.83
64.00, 28.83
64.00, 28.83
64.00, 28.83
64.00, 28.83
63.00, 28.83
64.00, 28.83
66.00, 28.83
65.00, 28.39
64.00, 28.39
65.00, 28.39
64.00, 28.39
64.00, 28.39
65.00, 28.39
64.00, 28.39
64.00, 28.39
64.00, 28.39
64.00, 28.11
67.00, 28.11
66.00, 28.11
66.00, 28.11
65.00, 28.11
66.00, 28.11
65.00, 28.11
65.00, 28.11
65.00, 28.11
64.00, 27.91
66.00, 27.91
64.00, 27.91
68.00, 27.91
67.00, 27.91
67.00, 27.91
67.00, 27.91
67.00, 27.91
67.00, 27.67
65.00, 27.67
66.00, 27.67
64.00, 27.67
64.00, 27.67
65.00, 27.67
64.00, 27.67
67.00, 27.67
67.00, 27.67
67.00, 27.53
68.00, 27.53
69.00, 27.53
65.00, 27.53
66.00, 27.53
66.00, 27.53
68.00, 27.53
68.00, 27.53
69.00, 27.53
69.00, 27.29
66.00, 27.29
66.00, 27.29
65.00, 27.29
67.00, 27.29
69.00, 27.29
2179.00, 27.11
67.00, 27.11
67.00, 27.11
66.00, 27.11
68.00, 27.03
69.00, 27.03
72.00, 27.03
68.00, 27.03
67.00, 27.03
67.00, 27.03
68.00, 27.03
70.00, 27.03
72.00, 27.03
67.00, 26.91
68.00, 26.91
67.00, 26.91
69.00, 26.91
70.00, 26.91
67.00, 26.91
67.00, 26.91
68.00, 26.91
72.00, 26.91
67.00, 26.81
67.00, 26.81
67.00, 26.81
70.00, 26.81
71.00, 26.81
69.00, 26.81
69.00, 26.81
68.00, 26.81
68.00, 26.81
68.00, 26.75
69.00, 26.75
71.00, 26.75
71.00, 26.75
72.00, 26.75
69.00, 26.75
69.00, 26.75
68.00, 26.75
69.00, 26.71
68.00, 26.71
67.00, 26.71
67.00, 26.71
68.00, 26.71
69.00, 26.71
70.00, 26.71
71.00, 26.71
71.00, 26.71
71.00, 26.75
71.00, 26.75
71.00, 26.75
71.00, 26.75
71.00, 26.75
68.00, 26.75
67.00, 26.75
68.00, 26.75
68.00, 26.75
69.00, 26.77
70.00, 26.77
71.00, 26.77
72.00, 26.77
72.00, 26.77
68.00, 26.77
69.00, 26.77
67.00, 26.77
68.00, 26.77
69.00, 26.77
71.00, 26.77
72.00, 26.77
72.00, 26.77
69.00, 26.77
69.00, 26.77
69.00, 26.77
70.00, 26.77
73.00, 26.77
73.00, 26.73
69.00, 26.73
68.00, 26.73
69.00, 26.73
71.00, 26.73
74.00, 26.73
75.00, 26.73
69.00, 26.73
69.00, 26.73
69.00, 26.73
69.00, 26.73
71.00, 26.73
71.00, 26.73
73.00, 26.73
72.00, 26.73
75.00, 26.73
73.00, 26.73
76.00, 26.77
77.00, 26.77
69.00, 26.77
70.00, 26.77
71.00, 26.77
70.00, 26.77
71.00, 26.77
70.00, 26.77
72.00, 26.77
71.00, 26.81
73.00, 26.81
72.00, 26.81
73.00, 26.81
72.00, 26.81
73.00, 26.81
72.00, 26.81
73.00, 26.81
73.00, 26.75
73.00, 26.75
73.00, 26.75
74.00, 26.75
72.00, 26.75
70.00, 26.75
70.00, 26.75
70.00, 26.75
71.00, 26.75
72.00, 26.73
72.00, 26.73
73.00, 26.73
73.00, 26.73
72.00, 26.73
72.00, 26.73
72.00, 26.73
73.00, 26.73
73.00, 26.73
73.00, 26.71
73.00, 26.71
73.00, 26.71
74.00, 26.71
72.00, 26.71
73.00, 26.71
73.00, 26.71
74.00, 26.71
73.00, 26.71
73.00, 26.71
73.00, 26.71
73.00, 26.71
74.00, 26.71
73.00, 26.71
72.00, 26.71
73.00, 26.71
74.00, 26.71
74.00, 26.63
73.00, 26.63
74.00, 26.63
74.00, 26.63
74.00, 26.63
75.00, 26.63
73.00, 26.63
75.00, 26.63
73.00, 26.63
74.00, 26.75
75.00, 26.75
74.00, 26.75
74.00, 26.75
74.00, 26.75
73.00, 26.75
74.00, 26.75
74.00, 26.75
75.00, 26.75
75.00, 26.69
74.00, 26.69
74.00, 26.69
76.00, 26.69
75.00, 26.69
75.00, 26.69
75.00, 26.69
75.00, 26.69
77.00, 26.63
77.00, 26.63
75.00, 26.63
76.00, 26.63
76.00, 26.63
76.00, 26.63
76.00, 26.63
78.00, 26.63
76.00, 26.63
69.00, 26.67
78.00, 26.67
76.00, 26.67
77.00, 26.67
78.00, 26.67
68.00, 26.67
79.00, 26.67
78.00, 26.67
79.00, 26.67
77.00, 26.67
69.00, 26.67
68.00, 26.67
79.00, 26.67
67.00, 26.67
69.00, 26.67
78.00, 26.67
78.00, 26.67
68.00, 26.63
79.00, 26.63
78.00, 26.63
79.00, 26.63
77.00, 26.63
78.00, 26.63
79.00, 26.63
79.00, 26.63
84.00, 26.63
83.00, 26.65
69.00, 26.65
83.00, 26.65
79.00, 26.65
79.00, 26.65
79.00, 26.65
78.00, 26.65